100
0 395.00 382.00
1 404.00 37.00
2 839.00 791.00
3 853.00 380.00
4 314.00 399.00
5 45.00 556.00
6 626.00 750.00
7 613.00 152.00
8 813.00 877.00
9 536.00 990.00
10 140.00 381.00
11 830.00 813.00
12 83.00 902.00
13 524.00 672.00
14 0.00 629.00
15 799.00 981.00
16 969.00 556.00
17 18.00 510.00
18 646.00 305.00
19 228.00 92.00
20 467.00 57.00
21 261.00 439.00
22 930.00 589.00
23 340.00 165.00
24 68.00 344.00
25 629.00 691.00
26 755.00 511.00
27 536.00 27.00
28 388.00 993.00
29 587.00 869.00
30 434.00 709.00
31 235.00 139.00
32 991.00 931.00
33 466.00 681.00
34 105.00 831.00
35 738.00 993.00
36 23.00 726.00
37 607.00 666.00
38 753.00 380.00
39 441.00 43.00
40 376.00 489.00
41 345.00 710.00
42 794.00 697.00
43 344.00 927.00
44 511.00 246.00
45 293.00 123.00
46 244.00 290.00
47 514.00 311.00
48 529.00 63.00
49 158.00 689.00
50 846.00 186.00
51 885.00 502.00
52 898.00 700.00
53 126.00 737.00
54 190.00 115.00
55 884.00 125.00
56 828.00 673.00
57 581.00 675.00
58 759.00 368.00
59 76.00 207.00
60 777.00 479.00
61 92.00 723.00
62 146.00 693.00
63 48.00 542.00
64 264.00 421.00
65 619.00 596.00
66 537.00 115.00
67 588.00 367.00
68 232.00 802.00
69 990.00 444.00
70 137.00 933.00
71 567.00 288.00
72 476.00 692.00
73 168.00 804.00
74 643.00 326.00
75 268.00 703.00
76 421.00 288.00
77 672.00 150.00
78 935.00 550.00
79 879.00 706.00
80 545.00 943.00
81 675.00 559.00
82 689.00 885.00
83 825.00 994.00
84 19.00 122.00
85 383.00 30.00
86 902.00 964.00
87 764.00 685.00
88 288.00 92.00
89 544.00 546.00
90 768.00 684.00
91 129.00 343.00
92 165.00 916.00
93 976.00 275.00
94 73.00 5.00
95 442.00 261.00
96 198.00 919.00
97 62.00 155.00
98 763.00 182.00
99 382.00 489.00
