50
0 782.00 530.00
1 161.00 76.00
2 829.00 651.00
3 552.00 189.00
4 869.00 980.00
5 547.00 683.00
6 755.00 886.00
7 989.00 665.00
8 431.00 998.00
9 209.00 175.00
10 684.00 267.00
11 83.00 515.00
12 884.00 39.00
13 382.00 2.00
14 574.00 829.00
15 831.00 957.00
16 505.00 699.00
17 754.00 565.00
18 984.00 949.00
19 142.00 352.00
20 486.00 904.00
21 481.00 308.00
22 136.00 479.00
23 156.00 817.00
24 88.00 471.00
25 321.00 931.00
26 670.00 348.00
27 906.00 438.00
28 736.00 989.00
29 732.00 421.00
30 47.00 487.00
31 986.00 680.00
32 708.00 350.00
33 372.00 655.00
34 86.00 998.00
35 7.00 803.00
36 3.00 120.00
37 953.00 354.00
38 180.00 317.00
39 637.00 740.00
40 731.00 987.00
41 384.00 754.00
42 110.00 520.00
43 445.00 305.00
44 291.00 633.00
45 174.00 989.00
46 356.00 814.00
47 36.00 856.00
48 439.00 551.00
49 199.00 602.00
